17
0 0 0 0 0 0 255.65 249.83 0 0 0 0 0 0 0 0 0 
0 0 0 0 0 0 94.97 100.12 0 0 0 0 0 121.05 0 0 0 
0 0 0 0 32.06 0 0 182.29 0 73.06 0 0 0 232.09 0 0 0 
0 0 0 0 31.59 0 0 0 0 34.09 0 0 0 0 0 0 0 
0 0 32.06 31.59 0 0 0 0 0 0 0 0 0 0 0 0 0 
0 0 0 0 0 0 0 259.92 0 150.2 293.47 72.68 0 0 188.9 0 0 
255.65 94.97 0 0 0 0 0 132.67 0 0 0 0 0 0 0 0 0 
249.83 100.12 182.29 0 0 259.92 132.67 0 0 0 214.38 0 0 0 0 0 0 
0 0 0 0 0 0 0 0 0 0 0 53.07 0 0 0 62.46 0 
0 0 73.06 34.09 0 150.2 0 0 0 0 0 0 0 0 0 0 0 
0 0 0 0 0 293.47 0 214.38 0 0 0 0 0 0 228.86 0 0 
0 0 0 0 0 72.68 0 0 53.07 0 0 0 0 0 0 0 0 
0 0 0 0 0 0 0 0 0 0 0 0 0 0 150.86 0 120.62 
0 121.05 232.09 0 0 0 0 0 0 0 0 0 0 0 0 0 0 
0 0 0 0 0 188.9 0 0 0 0 228.86 0 150.86 0 0 157.18 0 
0 0 0 0 0 0 0 0 62.46 0 0 0 0 0 157.18 0 73.3 
0 0 0 0 0 0 0 0 0 0 0 0 120.62 0 0 73.3 0 
