48
0 181.9 0 0 0 0 0 0 0 0 0 0 0 0 0 0 0 0 0 0 0 127.3 0 0 0 0 0 273 0 0 0 0 0 0 0 0 0 0 0 0 0 0 0 0 0 211.6 0 0
181.9 0 0 0 0 0 0 0 0 0 0 0 0 0 0 0 0 0 0 0 0 178.4 0 0 0 0 0 0 0 0 0 0 0 0 476.2 0 0 0 0 0 0 0 0 0 0 0 0 0
0 0 0 0 0 0 0 0 0 0 0 0 0 0 0 0 0 0 0 127.5 0 0 0 0 0 0 0 0 0 0 66.1 0 0 0 0 0 0 0 0 39.2 0 0 0 0 0 0 0 0
0 0 0 0 0 0 0 0 0 0 76.7 0 0 0 0 148.1 0 0 0 0 0 0 0 0 0 0 0 0 0 0 0 0 0 0 0 0 0 0 0 0 0 0 0 0 0 0 0 0
0 0 0 0 0 0 0 0 0 0 0 0 0 0 0 0 0 0 0 0 0 0 0 0 0 0 0 180.1 0 0 0 0 0 0 0 79 0 0 0 0 0 0 0 163.3 0 0 0 0
0 0 0 0 0 0 0 0 0 0 0 0 0 0 0 0 0 0 0 0 0 0 0 0 30.3 0 0 0 0 0 0 0 107.3 0 0 0 0 0 0 0 0 0 0 0 0 0 0 0
0 0 0 0 0 0 0 0 0 0 0 0 0 86.7 0 0 96.4 0 0 0 0 0 0 0 0 0 0 0 0 0 0 0 0 0 0 0 0 0 0 47.4 0 0 0 0 0 0 0 36.5
0 0 0 0 0 0 0 0 0 0 0 0 0 0 118.4 0 0 0 0 0 0 0 0 0 0 0 0 0 198.5 0 0 0 0 53.6 0 0 0 0 0 0 0 0 0 0 0 0 147.9 0
0 0 0 0 0 0 0 0 0 0 0 0 0 0 0 0 0 0 66.2 0 0 0 0 0 0 0 0 0 0 161.3 0 0 0 0 0 0 0 0 0 0 0 0 0 0 0 0 132.8 0
0 0 0 0 0 0 0 0 0 0 0 0 0 0 170.5 0 0 0 0 0 125.9 0 0 0 0 673.7 0 0 0 0 0 0 0 0 0 0 0 0 0 0 0 0 0 0 0 0 0 0
0 0 0 76.7 0 0 0 0 0 0 0 0 0 0 0 0 0 0 0 0 0 0 0 0 0 0 0 0 0 0 0 0 0 0 0 0 0 0 0 0 0 59.4 0 0 0 0 0 0
0 0 0 0 0 0 0 0 0 0 0 0 0 0 0 77.4 0 0 0 0 0 0 0 0 0 0 0 0 0 143.4 0 36.9 0 0 0 0 0 0 0 0 0 0 0 0 0 0 0 0
0 0 0 0 0 0 0 0 0 0 0 0 0 0 0 0 0 0 251.2 0 0 0 0 0 0 0 0 0 0 0 0 0 0 0 0 0 0 159.3 156.7 0 0 0 0 0 0 0 0 0
0 0 0 0 0 0 86.7 0 0 0 0 0 0 0 0 0 0 0 0 0 0 0 164 0 262.8 0 0 0 0 0 0 0 0 0 0 0 122.4 0 0 0 0 0 0 0 0 0 0 0
0 0 0 0 0 0 0 118.4 0 170.5 0 0 0 0 0 0 0 0 0 0 0 0 0 0 0 0 0 0 148 0 0 0 0 0 0 0 0 0 0 0 0 0 0 0 0 0 0 0
0 0 0 148.1 0 0 0 0 0 0 0 77.4 0 0 0 0 0 0 0 0 0 0 0 0 0 0 41.7 0 0 0 0 39 10 0 0 0 0 0 0 0 253.5 0 0 0 0 0 0 0
0 0 0 0 0 0 96.4 0 0 0 0 0 0 0 0 0 0 0 0 0 0 0 117.4 0 0 0 0 228.9 0 0 74.7 0 0 0 0 0 0 0 0 0 0 0 0 106.5 0 0 0 0
0 0 0 0 0 0 0 0 0 0 0 0 0 0 0 0 0 0 0 0 0 0 0 0 0 0 0 0 0 0 0 0 0 0 0 0 0 0 0 0 121.6 0 0 0 0 0 256.5 0
0 0 0 0 0 0 0 0 66.2 0 0 0 251.2 0 0 0 0 0 0 0 0 0 0 0 0 0 0 0 166.5 0 0 0 0 0 0 0 0 194.4 0 0 0 0 0 0 0 0 0 0
0 0 127.5 0 0 0 0 0 0 0 0 0 0 0 0 0 0 0 0 0 0 0 0 0 0 0 0 0 0 0 117 0 0 0 0 245.4 0 0 0 0 0 0 0 95.6 0 0 0 0
0 0 0 0 0 0 0 0 0 125.9 0 0 0 0 0 0 0 0 0 0 0 0 0 0 0 0 0 0 207 0 0 0 0 0 0 0 0 0 0 0 0 0 0 0 0 0 0 0
127.3 178.4 0 0 0 0 0 0 0 0 0 0 0 0 0 0 0 0 0 0 0 0 0 0 0 0 0 0 0 0 0 0 0 0 409.8 183.5 0 0 0 0 0 0 0 0 0 0 0 0
0 0 0 0 0 0 0 0 0 0 0 0 0 164 0 0 117.4 0 0 0 0 0 0 0 250.8 0 0 211.3 0 0 0 0 0 0 0 0 0 0 0 0 0 192.8 0 0 0 0 0 0
0 0 0 0 0 0 0 0 0 0 0 0 0 0 0 0 0 0 0 0 0 0 0 0 0 758 0 0 0 0 0 0 0 100.3 0 0 0 0 0 0 0 0 0 0 0 0 0 0
0 0 0 0 0 30.3 0 0 0 0 0 0 0 262.8 0 0 0 0 0 0 0 0 250.8 0 0 0 0 0 0 0 0 0 0 0 0 0 185.8 0 0 0 0 0 66.5 0 0 0 0 0
0 0 0 0 0 0 0 0 0 673.7 0 0 0 0 0 0 0 0 0 0 0 0 0 758 0 0 0 0 0 0 0 0 0 0 0 0 0 0 0 0 0 0 0 0 0 0 0 0
0 0 0 0 0 0 0 0 0 0 0 0 0 0 0 41.7 0 0 0 0 0 0 0 0 0 0 0 0 0 0 0 52 0 0 0 0 0 0 0 0 0 0 89.5 0 0 0 0 0
273 0 0 0 180.1 0 0 0 0 0 0 0 0 0 0 0 228.9 0 0 0 0 0 211.3 0 0 0 0 0 0 0 0 0 0 0 0 0 0 0 0 0 0 254.1 0 0 0 187 0 0
0 0 0 0 0 0 0 198.5 0 0 0 0 0 0 148 0 0 0 166.5 0 207 0 0 0 0 0 0 0 0 0 0 0 0 0 0 0 0 0 0 0 0 0 0 0 0 0 0 0
0 0 0 0 0 0 0 0 161.3 0 0 143.4 0 0 0 0 0 0 0 0 0 0 0 0 0 0 0 0 0 0 0 0 0 0 0 0 0 71.8 0 0 141.8 0 0 0 0 0 0 0
0 0 66.1 0 0 0 0 0 0 0 0 0 0 0 0 0 74.7 0 0 117 0 0 0 0 0 0 0 0 0 0 0 0 0 0 0 0 0 0 0 30.3 0 0 0 79.2 0 0 0 0
0 0 0 0 0 0 0 0 0 0 0 36.9 0 0 0 39 0 0 0 0 0 0 0 0 0 0 52 0 0 0 0 0 0 0 0 0 0 0 0 0 0 0 0 0 76.1 0 0 0
0 0 0 0 0 107.3 0 0 0 0 0 0 0 0 0 10 0 0 0 0 0 0 0 0 0 0 0 0 0 0 0 0 0 0 0 0 0 0 0 0 0 0 84.4 0 0 0 0 0
0 0 0 0 0 0 0 53.6 0 0 0 0 0 0 0 0 0 0 0 0 0 0 0 100.3 0 0 0 0 0 0 0 0 0 0 0 0 0 0 0 0 0 0 0 0 0 0 0 0
0 476.2 0 0 0 0 0 0 0 0 0 0 0 0 0 0 0 0 0 0 0 409.8 0 0 0 0 0 0 0 0 0 0 0 0 0 0 0 0 0 0 0 0 0 0 0 0 0 0
0 0 0 0 79 0 0 0 0 0 0 0 0 0 0 0 0 0 0 245.4 0 183.5 0 0 0 0 0 0 0 0 0 0 0 0 0 0 0 0 0 0 0 0 0 0 0 61.1 0 0
0 0 0 0 0 0 0 0 0 0 0 0 0 122.4 0 0 0 0 0 0 0 0 0 0 185.8 0 0 0 0 0 0 0 0 0 0 0 0 0 0 0 0 0 0 0 0 0 0 151.4
0 0 0 0 0 0 0 0 0 0 0 0 159.3 0 0 0 0 0 194.4 0 0 0 0 0 0 0 0 0 0 71.8 0 0 0 0 0 0 0 0 74.5 0 0 0 0 0 0 0 0 0
0 0 0 0 0 0 0 0 0 0 0 0 156.7 0 0 0 0 0 0 0 0 0 0 0 0 0 0 0 0 0 0 0 0 0 0 0 0 74.5 0 0 0 0 0 0 65.8 0 0 0
0 0 39.2 0 0 0 47.4 0 0 0 0 0 0 0 0 0 0 0 0 0 0 0 0 0 0 0 0 0 0 0 30.3 0 0 0 0 0 0 0 0 0 0 0 0 0 0 0 0 28.8
0 0 0 0 0 0 0 0 0 0 0 0 0 0 0 253.5 0 121.6 0 0 0 0 0 0 0 0 0 0 0 141.8 0 0 0 0 0 0 0 0 0 0 0 0 0 0 0 0 0 0
0 0 0 0 0 0 0 0 0 0 59.4 0 0 0 0 0 0 0 0 0 0 0 192.8 0 0 0 0 254.1 0 0 0 0 0 0 0 0 0 0 0 0 0 0 0 0 0 0 0 0
0 0 0 0 0 0 0 0 0 0 0 0 0 0 0 0 0 0 0 0 0 0 0 0 66.5 0 89.5 0 0 0 0 0 84.4 0 0 0 0 0 0 0 0 0 0 0 365.4 0 0 0
0 0 0 0 163.3 0 0 0 0 0 0 0 0 0 0 0 106.5 0 0 95.6 0 0 0 0 0 0 0 0 0 0 79.2 0 0 0 0 0 0 0 0 0 0 0 0 0 0 0 0 0
0 0 0 0 0 0 0 0 0 0 0 0 0 0 0 0 0 0 0 0 0 0 0 0 0 0 0 0 0 0 0 76.1 0 0 0 0 0 0 65.8 0 0 0 365.4 0 0 0 0 0
211.6 0 0 0 0 0 0 0 0 0 0 0 0 0 0 0 0 0 0 0 0 0 0 0 0 0 0 187 0 0 0 0 0 0 0 61.1 0 0 0 0 0 0 0 0 0 0 0 0
0 0 0 0 0 0 0 147.9 132.8 0 0 0 0 0 0 0 0 256.5 0 0 0 0 0 0 0 0 0 0 0 0 0 0 0 0 0 0 0 0 0 0 0 0 0 0 0 0 0 0
0 0 0 0 0 0 36.5 0 0 0 0 0 0 0 0 0 0 0 0 0 0 0 0 0 0 0 0 0 0 0 0 0 0 0 0 0 151.4 0 0 28.8 0 0 0 0 0 0 0 0
