16
0 0 0 0 0 325 0 0 594 0 0 0 789 0 0 0
0 0 0 0 0 0 0 1129 0 0 0 0 0 0 0 0
0 0 0 0 0 0 0 1452 0 750 0 0 0 569 0 0
0 0 0 0 0 0 0 0 0 0 0 775 0 0 0 0
0 0 0 0 0 0 0 0 0 721 0 695 0 0 0 2833
325 0 0 0 0 0 0 0 0 0 0 0 0 2026 0 0
0 0 0 0 0 0 0 1973 0 0 0 0 0 0 0 0
0 1129 1452 0 0 0 1973 0 0 0 0 0 0 0 2095 0
594 0 0 0 0 0 0 0 0 0 0 367 0 0 0 0
0 0 750 0 721 0 0 0 0 0 0 0 0 0 0 0
0 0 0 0 0 0 0 0 0 0 0 0 0 995 0 1133
0 0 0 775 695 0 0 0 367 0 0 0 451 0 0 0
789 0 0 0 0 0 0 0 0 0 0 451 0 0 0 0
0 0 569 0 0 2026 0 0 0 0 995 0 0 0 0 0
0 0 0 0 0 0 0 2095 0 0 0 0 0 0 0 1715
0 0 0 0 2833 0 0 0 0 0 1133 0 0 0 1715 0
