28
0 0 0 0 0 0 0 0 0 0 0 0 0 0 201.37 0 0 0 0 0 0 0 0 277.45 0 0 0 0 
0 0 0 0 619.97 0 0 0 0 0 1894.08 0 0 0 0 0 0 0 0 0 0 0 0 965.83 0 489.56 0 0 
0 0 0 0 1596.15 0 0 0 0 0 0 0 0 333.66 0 0 0 0 0 0 0 0 0 0 479.27 0 747.15 0 
0 0 0 0 0 0 0 0 0 0 2572.55 0 0 0 0 702.52 0 0 0 0 0 0 0 0 0 0 0 0 
0 619.97 1596.15 0 0 0 0 0 0 0 1687.34 176.52 0 0 0 1938.41 0 0 0 0 0 0 930.08 0 0 0 0 0 
0 0 0 0 0 0 0 0 0 0 0 0 110.89 0 0 0 0 0 0 0 143.27 0 0 0 0 0 0 0 
0 0 0 0 0 0 0 563.25 776.96 0 0 0 0 0 0 0 0 0 0 0 0 0 0 0 0 0 0 0 
0 0 0 0 0 0 563.25 0 0 0 0 741.01 0 0 0 0 0 0 0 1138.65 0 0 0 0 0 0 0 0 
0 0 0 0 0 0 776.96 0 0 0 0 0 0 0 0 0 0 0 547.09 0 0 0 0 0 0 0 0 0 
0 0 0 0 0 0 0 0 0 0 0 0 0 0 0 0 0 0 376.23 0 0 0 0 0 0 489.49 0 0 
0 1894.08 0 2572.55 1687.34 0 0 0 0 0 0 0 0 0 0 0 433.65 0 0 0 0 0 0 0 654.51 0 0 0 
0 0 0 0 176.52 0 0 741.01 0 0 0 0 0 0 0 0 0 731.14 0 0 0 0 0 0 0 0 0 0 
0 0 0 0 0 110.89 0 0 0 0 0 0 0 0 0 0 150.72 0 0 0 0 0 0 0 0 0 0 0 
0 0 333.66 0 0 0 0 0 0 0 0 0 0 0 0 0 0 0 0 0 0 0 0 0 0 0 0 0 
201.37 0 0 0 0 0 0 0 0 0 0 0 0 0 0 0 0 0 0 0 202.32 0 0 0 0 0 0 0 
0 0 0 702.52 1938.41 0 0 0 0 0 0 0 0 0 0 0 0 0 0 0 0 0 0 0 0 0 0 0 
0 0 0 0 0 0 0 0 0 0 433.65 0 150.72 0 0 0 0 0 0 0 0 0 0 0 0 0 0 0 
0 0 0 0 0 0 0 0 0 0 0 731.14 0 0 0 0 0 0 0 0 0 0 0 0 0 0 0 0 
0 0 0 0 0 0 0 0 547.09 376.23 0 0 0 0 0 0 0 0 0 0 0 0 0 0 0 0 0 0 
0 0 0 0 0 0 0 1138.65 0 0 0 0 0 0 0 0 0 0 0 0 0 488.51 0 0 0 0 0 0 
0 0 0 0 0 143.27 0 0 0 0 0 0 0 0 202.32 0 0 0 0 0 0 0 0 0 0 0 935.68 0 
0 0 0 0 0 0 0 0 0 0 0 0 0 0 0 0 0 0 0 488.51 0 0 0 0 0 0 0 0 
0 0 0 0 930.08 0 0 0 0 0 0 0 0 0 0 0 0 0 0 0 0 0 0 0 0 357.6 0 417.15 
277.45 965.83 0 0 0 0 0 0 0 0 0 0 0 0 0 0 0 0 0 0 0 0 0 0 0 0 0 836.9 
0 0 479.27 0 0 0 0 0 0 0 654.51 0 0 0 0 0 0 0 0 0 0 0 0 0 0 0 0 0 
0 489.56 0 0 0 0 0 0 0 489.49 0 0 0 0 0 0 0 0 0 0 0 0 357.6 0 0 0 0 0 
0 0 747.15 0 0 0 0 0 0 0 0 0 0 0 0 0 0 0 0 0 935.68 0 0 0 0 0 0 0 
0 0 0 0 0 0 0 0 0 0 0 0 0 0 0 0 0 0 0 0 0 0 417.15 836.9 0 0 0 0 
